x	y	img_gender	img_actor	img_emotion	id	validity	choice	x_res	y_res	img_left	img_top	img_right	img_bottom	group	trial	ppd	fix_dur	fix_number
702.933333333333	410.8	M	2	afraid.jpg	10IS	1	afraid	1366	768	209	68	1156	700	S	1	47.3433338048559	0.188888888888889	2
621.5	414.944444444444	M	2	afraid.jpg	10IS	1	afraid	1366	768	209	68	1156	700	S	1	47.3433338048559	0.1	3
588	400	M	2	afraid.jpg	10IS	1	afraid	1366	768	209	68	1156	700	S	1	47.3433338048559	0.0111111111111111	4
620.166666666667	417.166666666667	M	2	afraid.jpg	10IS	1	afraid	1366	768	209	68	1156	700	S	1	47.3433338048559	0.0333333333333333	5
671.375	549.46875	M	2	afraid.jpg	10IS	1	afraid	1366	768	209	68	1156	700	S	1	47.3433338048559	0.222222222222222	6
637.3	515.4	M	2	afraid.jpg	10IS	1	afraid	1366	768	209	68	1156	700	S	1	47.3433338048559	0.0555555555555555	7
658.5	554.5	M	2	afraid.jpg	10IS	1	afraid	1366	768	209	68	1156	700	S	1	47.3433338048559	0.0444444444444443	8
635.25	402.75	M	2	afraid.jpg	10IS	1	afraid	1366	768	209	68	1156	700	S	1	47.3433338048559	0.0222222222222224	9
672.5	408.5	M	2	afraid.jpg	10IS	1	afraid	1366	768	209	68	1156	700	S	1	47.3433338048559	0.0111111111111111	10
635.625	375.75	M	2	afraid.jpg	10IS	1	afraid	1366	768	209	68	1156	700	S	1	47.3433338048559	0.0444444444444445	11
669	409.5	M	2	afraid.jpg	10IS	1	afraid	1366	768	209	68	1156	700	S	1	47.3433338048559	0.0111111111111113	12
710.821428571429	413.464285714286	M	2	afraid.jpg	10IS	1	afraid	1366	768	209	68	1156	700	S	1	47.3433338048559	0.177777777777778	13
615.482142857143	410.964285714286	M	2	afraid.jpg	10IS	1	afraid	1366	768	209	68	1156	700	S	1	47.3433338048559	0.377777777777778	14
630	406.409090909091	M	2	afraid.jpg	10JU	1	afraid	1366	768	260	102	1106	666	S	2	47.3433338048559	0.144444444444444	2
667.106382978723	506.265957446808	M	2	afraid.jpg	10JU	1	afraid	1366	768	260	102	1106	666	S	2	47.3433338048559	0.633333333333333	3
620.549019607843	388.450980392157	M	2	afraid.jpg	10JU	1	afraid	1366	768	260	102	1106	666	S	2	47.3433338048559	0.7	4
660.458333333333	508.458333333333	M	2	afraid.jpg	10ML	1	angry	1366	768	209	68	1156	700	S	3	47.3433338048559	0.333333333333333	2
707.148148148148	405.203703703704	M	2	afraid.jpg	10ML	1	angry	1366	768	209	68	1156	700	S	3	47.3433338048559	0.366666666666667	3
605.09756097561	382.182926829268	M	2	afraid.jpg	10ML	1	angry	1366	768	209	68	1156	700	S	3	47.3433338048559	0.566666666666667	4
581.212121212121	414.651515151515	M	2	afraid.jpg	11IS	1	happy	1366	768	209	68	1156	700	S	4	47.3433338048559	0.455555555555555	2
646.461538461538	535.346153846154	M	2	afraid.jpg	11IS	1	happy	1366	768	209	68	1156	700	S	4	47.3433338048559	0.355555555555556	3
587.951219512195	391.012195121951	M	2	afraid.jpg	11IS	1	happy	1366	768	209	68	1156	700	S	4	47.3433338048559	0.544444444444445	4
684.111111111111	436.111111111111	M	2	afraid.jpg	12IS	1	neutral	1366	768	209	68	1156	700	S	5	47.3433338048559	0.122222222222222	2
661.3828125	525.9453125	M	2	afraid.jpg	12IS	1	neutral	1366	768	209	68	1156	700	S	5	47.3433338048559	0.888888888888889	3
713	378.547619047619	M	2	afraid.jpg	12IS	1	neutral	1366	768	209	68	1156	700	S	5	47.3433338048559	0.277777777777778	4
722	438	M	2	afraid.jpg	12IS	1	neutral	1366	768	209	68	1156	700	S	5	47.3433338048559	0.0111111111111111	5
647.272727272727	447.136363636364	M	2	afraid.jpg	13IS	1	afraid	1366	768	209	68	1156	700	S	6	47.3433338048559	0.144444444444444	2
666.837837837838	528.891891891892	M	2	afraid.jpg	13IS	1	afraid	1366	768	209	68	1156	700	S	6	47.3433338048559	0.5	3
608.25	396.18	M	2	afraid.jpg	13IS	1	afraid	1366	768	209	68	1156	700	S	6	47.3433338048559	0.688888888888889	4
675.821428571429	484.892857142857	M	2	afraid.jpg	14IS	1	sad	1366	768	209	68	1156	700	S	7	47.3433338048559	0.177777777777778	2
657.190476190476	543.345238095238	M	2	afraid.jpg	14IS	1	sad	1366	768	209	68	1156	700	S	7	47.3433338048559	0.577777777777778	3
648.017857142857	501.732142857143	M	2	afraid.jpg	15IS	1	angry	1366	768	209	68	1156	700	S	8	47.3433338048559	0.377777777777778	2
694.282608695652	348.565217391304	M	2	afraid.jpg	15IS	1	angry	1366	768	209	68	1156	700	S	8	47.3433338048559	0.3	3
682.166666666667	510.9375	M	2	afraid.jpg	16JU	1	sad	1366	768	209	68	1156	700	S	9	47.3433338048559	0.333333333333333	2
706.25	403.931818181818	M	2	afraid.jpg	16JU	1	sad	1366	768	209	68	1156	700	S	9	47.3433338048559	0.288888888888889	3
675.333333333333	515.409090909091	M	2	afraid.jpg	16JU	1	sad	1366	768	209	68	1156	700	S	9	47.3433338048559	0.455555555555555	4
688.722222222222	458.833333333333	M	2	afraid.jpg	16JU	1	sad	1366	768	209	68	1156	700	S	9	47.3433338048559	0.122222222222222	5
661.794117647059	480.676470588235	M	2	afraid.jpg	17JU	1	afraid	1366	768	209	68	1156	700	S	10	47.3433338048559	0.211111111111111	2
662.176470588235	544.166666666667	M	2	afraid.jpg	17JU	1	afraid	1366	768	209	68	1156	700	S	10	47.3433338048559	0.7	3
602.270833333333	417.822916666667	M	2	afraid.jpg	17JU	1	afraid	1366	768	209	68	1156	700	S	10	47.3433338048559	0.644444444444444	4
631.441176470588	412.794117647059	M	2	afraid.jpg	19IS	1	happy	1366	768	209	68	1156	700	S	11	47.3433338048559	0.211111111111111	2
727.181034482759	395.137931034483	M	2	afraid.jpg	19IS	1	happy	1366	768	209	68	1156	700	S	11	47.3433338048559	0.8	3
606.053571428571	397.767857142857	M	2	afraid.jpg	19IS	1	happy	1366	768	209	68	1156	700	S	11	47.3433338048559	0.377777777777778	4
918	631.125	M	2	afraid.jpg	1IS	0	afraid	1920	1080	294	96	1625	984	S	12	59.652775568415	0.0777777777777778	2
931.5	702	M	2	afraid.jpg	1IS	0	afraid	1920	1080	294	96	1625	984	S	12	59.652775568415	-0.0111111111111111	3
936.547619047619	736.428571428571	M	2	afraid.jpg	1IS	0	afraid	1920	1080	294	96	1625	984	S	12	59.652775568415	0.333333333333333	4
937.692307692308	565.576923076923	M	2	afraid.jpg	1IS	0	afraid	1920	1080	294	96	1625	984	S	12	59.652775568415	0.166666666666667	5
1014.20408163265	590.510204081633	M	2	afraid.jpg	1IS	0	afraid	1920	1080	294	96	1625	984	S	12	59.652775568415	0.655555555555556	6
684.010416666667	436.645833333333	M	2	afraid.jpg	1JU	1	afraid	1366	768	260	102	1106	666	S	13	47.3433338048559	0.644444444444444	2
646.5	522.5	M	2	afraid.jpg	1JU	1	afraid	1366	768	260	102	1106	666	S	13	47.3433338048559	0.0222222222222224	3
619.53488372093	414.162790697674	M	2	afraid.jpg	22ML	1	afraid	1366	768	209	68	1156	700	S	14	47.3433338048559	0.588888888888889	2
711.88	382.4	M	2	afraid.jpg	22ML	1	afraid	1366	768	209	68	1156	700	S	14	47.3433338048559	0.322222222222222	3
650.583333333333	548.041666666667	M	2	afraid.jpg	22ML	1	afraid	1366	768	209	68	1156	700	S	14	47.3433338048559	0.155555555555556	4
893.861111111111	562.527777777778	M	2	afraid.jpg	24ML	1	neutral	1920	1080	294	96	1625	984	S	15	59.652775568415	0.488888888888889	2
1002	572.392857142857	M	2	afraid.jpg	24ML	1	neutral	1920	1080	294	96	1625	984	S	15	59.652775568415	0.177777777777778	3
974.78125	691.78125	M	2	afraid.jpg	24ML	1	neutral	1920	1080	294	96	1625	984	S	15	59.652775568415	0.2	4
955.458333333333	551	M	2	afraid.jpg	24ML	1	neutral	1920	1080	294	96	1625	984	S	15	59.652775568415	0.155555555555555	5
1014.40625	565.9375	M	2	afraid.jpg	24ML	1	neutral	1920	1080	294	96	1625	984	S	15	59.652775568415	0.2	6
673.603448275862	541.689655172414	M	2	afraid.jpg	25ML	0	neutral	1366	768	209	68	1156	700	S	16	47.3433338048559	0.388888888888889	2
614.46875	389.34375	M	2	afraid.jpg	25ML	0	neutral	1366	768	209	68	1156	700	S	16	47.3433338048559	0.444444444444444	3
665.3125	440.4375	M	2	afraid.jpg	25ML	0	neutral	1366	768	209	68	1156	700	S	16	47.3433338048559	0.2	4
1017	554.1875	M	2	afraid.jpg	26ML	1	happy	1920	1080	294	96	1625	984	S	17	59.652775568415	0.111111111111111	2
915.147058823529	699.441176470588	M	2	afraid.jpg	26ML	1	happy	1920	1080	294	96	1625	984	S	17	59.652775568415	0.211111111111111	3
913.392857142857	776.160714285714	M	2	afraid.jpg	26ML	1	happy	1920	1080	294	96	1625	984	S	17	59.652775568415	0.777777777777778	4
875	600.8	M	2	afraid.jpg	27ML	1	neutral	1920	1080	294	96	1625	984	S	18	59.652775568415	0.4	2
998.177419354839	629.967741935484	M	2	afraid.jpg	27ML	1	neutral	1920	1080	294	96	1625	984	S	18	59.652775568415	0.411111111111111	3
930	750.823529411765	M	2	afraid.jpg	27ML	1	neutral	1920	1080	294	96	1625	984	S	18	59.652775568415	0.211111111111111	4
653.56	540.68	M	2	afraid.jpg	28ML	1	neutral	1366	768	209	68	1156	700	S	19	47.3433338048559	0.322222222222222	2
710.133333333333	439.333333333333	M	2	afraid.jpg	28ML	1	neutral	1366	768	209	68	1156	700	S	19	47.3433338048559	0.4	3
619.923076923077	422.326923076923	M	2	afraid.jpg	28ML	1	neutral	1366	768	209	68	1156	700	S	19	47.3433338048559	0.355555555555555	4
729.1875	420	M	2	afraid.jpg	28ML	1	neutral	1366	768	209	68	1156	700	S	19	47.3433338048559	0.444444444444444	5
695.5	430.730769230769	M	2	afraid.jpg	2ML	1	neutral	1366	768	209	68	1156	700	S	20	47.3433338048559	0.166666666666667	2
673.6	538.625	M	2	afraid.jpg	2ML	1	neutral	1366	768	209	68	1156	700	S	20	47.3433338048559	0.533333333333333	3
626.366666666667	412.416666666667	M	2	afraid.jpg	2ML	1	neutral	1366	768	209	68	1156	700	S	20	47.3433338048559	0.4	4
707.952380952381	410.714285714286	M	2	afraid.jpg	32JU	0	afraid	1366	768	209	68	1156	700	S	21	47.3433338048559	0.277777777777778	2
579.196428571429	400.642857142857	M	2	afraid.jpg	32JU	0	afraid	1366	768	209	68	1156	700	S	21	47.3433338048559	0.377777777777778	3
634.75	506.625	M	2	afraid.jpg	32JU	0	afraid	1366	768	209	68	1156	700	S	21	47.3433338048559	0.222222222222222	4
868	575.128571428571	M	2	afraid.jpg	33JU	1	afraid	1920	1080	294	96	1625	984	S	22	59.652775568415	0.477777777777778	2
950.153846153846	701.961538461538	M	2	afraid.jpg	33JU	1	afraid	1920	1080	294	96	1625	984	S	22	59.652775568415	0.166666666666667	3
938.113636363636	764.522727272727	M	2	afraid.jpg	33JU	1	afraid	1920	1080	294	96	1625	984	S	22	59.652775568415	0.288888888888889	4
1040.05357142857	517.964285714286	M	2	afraid.jpg	33JU	1	afraid	1920	1080	294	96	1625	984	S	22	59.652775568415	0.377777777777778	5
673.775	454.875	M	2	afraid.jpg	34JU	0	afraid	1366	768	209	68	1156	700	S	23	47.3433338048559	0.266666666666667	2
622.854166666667	391.666666666667	M	2	afraid.jpg	34JU	0	afraid	1366	768	209	68	1156	700	S	23	47.3433338048559	0.333333333333333	3
724.25641025641	404.025641025641	M	2	afraid.jpg	34JU	0	afraid	1366	768	209	68	1156	700	S	23	47.3433338048559	0.522222222222222	4
610.526315789474	396.368421052632	M	2	afraid.jpg	34JU	0	afraid	1366	768	209	68	1156	700	S	23	47.3433338048559	0.255555555555556	5
656.794117647059	466.794117647059	M	2	afraid.jpg	35JU	0	afraid	1366	768	209	68	1156	700	S	24	47.3433338048559	0.211111111111111	2
619.225	405.9	M	2	afraid.jpg	35JU	0	afraid	1366	768	209	68	1156	700	S	24	47.3433338048559	0.266666666666667	3
728.56	410.66	M	2	afraid.jpg	35JU	0	afraid	1366	768	209	68	1156	700	S	24	47.3433338048559	0.344444444444445	4
604.928571428571	400.97619047619	M	2	afraid.jpg	35JU	0	afraid	1366	768	209	68	1156	700	S	24	47.3433338048559	0.277777777777778	5
735.21875	396.90625	M	2	afraid.jpg	35JU	0	afraid	1366	768	209	68	1156	700	S	24	47.3433338048559	0.222222222222222	6
857.041666666667	589.625	M	2	afraid.jpg	37ML	1	neutral	1920	1080	294	96	1625	984	S	25	59.652775568415	0.155555555555556	2
912.323529411765	746.617647058824	M	2	afraid.jpg	37ML	1	neutral	1920	1080	294	96	1625	984	S	25	59.652775568415	0.466666666666667	3
843.444444444444	586.055555555556	M	2	afraid.jpg	37ML	1	neutral	1920	1080	294	96	1625	984	S	25	59.652775568415	0.244444444444444	4
924.763888888889	743.458333333333	M	2	afraid.jpg	37ML	1	neutral	1920	1080	294	96	1625	984	S	25	59.652775568415	0.488888888888889	5
644.090909090909	545.606060606061	M	2	afraid.jpg	38ML	1	sad	1366	768	209	68	1156	700	S	26	47.3433338048559	0.433333333333333	2
676.446428571429	410.482142857143	M	2	afraid.jpg	38ML	1	sad	1366	768	209	68	1156	700	S	26	47.3433338048559	0.377777777777778	3
639.958333333333	557.28125	M	2	afraid.jpg	38ML	1	sad	1366	768	209	68	1156	700	S	26	47.3433338048559	0.666666666666667	4
621.25	418.65	M	2	afraid.jpg	39ML	1	neutral	1366	768	209	68	1156	700	S	27	47.3433338048559	0.133333333333333	2
660.821428571429	551.125	M	2	afraid.jpg	39ML	1	neutral	1366	768	209	68	1156	700	S	27	47.3433338048559	0.377777777777778	3
642.347826086957	388.282608695652	M	2	afraid.jpg	39ML	1	neutral	1366	768	209	68	1156	700	S	27	47.3433338048559	0.3	4
719.232142857143	410.553571428571	M	2	afraid.jpg	39ML	1	neutral	1366	768	209	68	1156	700	S	27	47.3433338048559	0.377777777777778	5
667.243902439024	508.19512195122	M	2	afraid.jpg	3JU	1	afraid	1366	768	260	102	1106	666	S	28	47.3433338048559	0.566666666666667	2
703.3	371.8	M	2	afraid.jpg	3JU	1	afraid	1366	768	260	102	1106	666	S	28	47.3433338048559	0.477777777777778	3
671.645161290323	514.161290322581	M	2	afraid.jpg	3JU	1	afraid	1366	768	260	102	1106	666	S	28	47.3433338048559	0.411111111111111	4
663.291666666667	509.395833333333	M	2	afraid.jpg	4JU	1	afraid	1366	768	260	102	1106	666	S	29	47.3433338048559	0.333333333333333	2
666.045454545455	428.227272727273	M	2	afraid.jpg	4JU	1	afraid	1366	768	260	102	1106	666	S	29	47.3433338048559	0.144444444444444	3
716.77868852459	407.844262295082	M	2	afraid.jpg	4JU	1	afraid	1366	768	260	102	1106	666	S	29	47.3433338048559	0.833333333333333	4
655.809523809524	515.809523809524	M	2	afraid.jpg	4JU	1	afraid	1366	768	260	102	1106	666	S	29	47.3433338048559	0.277777777777778	5
636.51724137931	533.051724137931	M	2	afraid.jpg	4ML	1	afraid	1366	768	209	68	1156	700	S	30	47.3433338048559	0.388888888888889	2
630.46	466.98	M	2	afraid.jpg	4ML	1	afraid	1366	768	209	68	1156	700	S	30	47.3433338048559	0.322222222222222	3
650.96875	529.75	M	2	afraid.jpg	4ML	1	afraid	1366	768	209	68	1156	700	S	30	47.3433338048559	0.222222222222222	4
655.033333333333	425.533333333333	M	2	afraid.jpg	4ML	1	afraid	1366	768	209	68	1156	700	S	30	47.3433338048559	0.188888888888889	5
658.461538461538	541.564102564103	M	2	afraid.jpg	50JU	1	neutral	1366	768	209	68	1156	700	S	31	47.3433338048559	0.522222222222222	2
689.642857142857	419.535714285714	M	2	afraid.jpg	50JU	1	neutral	1366	768	209	68	1156	700	S	31	47.3433338048559	0.177777777777778	3
631.285714285714	412.095238095238	M	2	afraid.jpg	50JU	1	neutral	1366	768	209	68	1156	700	S	31	47.3433338048559	0.277777777777778	4
663.694444444444	557.75	M	2	afraid.jpg	50JU	1	neutral	1366	768	209	68	1156	700	S	31	47.3433338048559	0.244444444444444	5
680.09375	402.59375	M	2	afraid.jpg	50JU	1	neutral	1366	768	209	68	1156	700	S	31	47.3433338048559	0.2	6
998.5	625.55	M	2	afraid.jpg	51JU	1	afraid	1920	1080	294	96	1625	984	S	32	59.652775568415	0.133333333333333	2
936.619047619048	780.428571428571	M	2	afraid.jpg	51JU	1	afraid	1920	1080	294	96	1625	984	S	32	59.652775568415	0.277777777777778	3
998.3	572.35	M	2	afraid.jpg	51JU	1	afraid	1920	1080	294	96	1625	984	S	32	59.652775568415	0.266666666666667	4
862.224137931035	560.413793103448	M	2	afraid.jpg	51JU	1	afraid	1920	1080	294	96	1625	984	S	32	59.652775568415	0.388888888888889	5
946.961538461538	780.217948717949	M	2	afraid.jpg	51JU	1	afraid	1920	1080	294	96	1625	984	S	32	59.652775568415	0.522222222222222	6
671.22	546.38	M	2	afraid.jpg	52JU	1	afraid	1366	768	209	68	1156	700	S	33	47.3433338048559	0.344444444444444	2
707.606060606061	417.878787878788	M	2	afraid.jpg	52JU	1	afraid	1366	768	209	68	1156	700	S	33	47.3433338048559	0.455555555555556	3
609.383333333333	398.416666666667	M	2	afraid.jpg	52JU	1	afraid	1366	768	209	68	1156	700	S	33	47.3433338048559	0.466666666666667	4
650.5	491.5	M	2	afraid.jpg	52JU	1	afraid	1366	768	209	68	1156	700	S	33	47.3433338048559	-0.0111111111111111	5
624	464.5	M	2	afraid.jpg	52JU	1	afraid	1366	768	209	68	1156	700	S	33	47.3433338048559	0.0111111111111111	6
628.5	424.5	M	2	afraid.jpg	52JU	1	afraid	1366	768	209	68	1156	700	S	33	47.3433338048559	0.0111111111111111	7
671.75	380.3125	M	2	afraid.jpg	52JU	1	afraid	1366	768	209	68	1156	700	S	33	47.3433338048559	0.0888888888888888	8
1416.2	310	M	2	afraid.jpg	53JU	0	afraid	1920	1080	294	96	1625	984	S	34	59.652775568415	0.0555555555555556	2
939.117647058824	549.941176470588	M	2	afraid.jpg	53JU	0	afraid	1920	1080	294	96	1625	984	S	34	59.652775568415	0.233333333333333	3
1000.26923076923	591.307692307692	M	2	afraid.jpg	53JU	0	afraid	1920	1080	294	96	1625	984	S	34	59.652775568415	0.355555555555556	4
974.5	595	M	2	afraid.jpg	53JU	0	afraid	1920	1080	294	96	1625	984	S	34	59.652775568415	0.0111111111111112	5
869.25	588.9	M	2	afraid.jpg	53JU	0	afraid	1920	1080	294	96	1625	984	S	34	59.652775568415	0.133333333333333	6
870.681818181818	588.272727272727	M	2	afraid.jpg	53JU	0	afraid	1920	1080	294	96	1625	984	S	34	59.652775568415	0.144444444444444	7
858.147058823529	581.764705882353	M	2	afraid.jpg	53JU	0	afraid	1920	1080	294	96	1625	984	S	34	59.652775568415	0.211111111111111	8
1013.3125	551.9375	M	2	afraid.jpg	53JU	0	afraid	1920	1080	294	96	1625	984	S	34	59.652775568415	0.122222222222222	9
1040.83333333333	541.166666666667	M	2	afraid.jpg	53JU	0	afraid	1920	1080	294	96	1625	984	S	34	59.652775568415	0.0333333333333334	10
1014.58333333333	537.583333333333	M	2	afraid.jpg	53JU	0	afraid	1920	1080	294	96	1625	984	S	34	59.652775568415	0.0666666666666667	11
645.818181818182	428.545454545455	M	2	afraid.jpg	54JU	1	happy	1366	768	209	68	1156	700	S	35	47.3433338048559	0.144444444444444	2
659.46	510.04	M	2	afraid.jpg	54JU	1	happy	1366	768	209	68	1156	700	S	35	47.3433338048559	0.322222222222222	3
689.876404494382	425.64606741573	M	2	afraid.jpg	54JU	1	happy	1366	768	209	68	1156	700	S	35	47.3433338048559	1.23333333333333	4
920.794117647059	625.941176470588	M	2	afraid.jpg	57JU	1	neutral	1920	1080	294	96	1625	984	S	36	59.652775568415	0.211111111111111	2
960.166666666667	737.25	M	2	afraid.jpg	57JU	1	neutral	1920	1080	294	96	1625	984	S	36	59.652775568415	0.333333333333333	3
929.451219512195	544.231707317073	M	2	afraid.jpg	57JU	1	neutral	1920	1080	294	96	1625	984	S	36	59.652775568415	0.566666666666667	4
50.8125	1207.90625	M	2	afraid.jpg	59JU	1	afraid	1920	1080	294	96	1625	984	S	37	59.652775568415	0.2	2
969.90625	636.75	M	2	afraid.jpg	59JU	1	afraid	1920	1080	294	96	1625	984	S	37	59.652775568415	0.222222222222222	3
929.294117647059	768.882352941176	M	2	afraid.jpg	59JU	1	afraid	1920	1080	294	96	1625	984	S	37	59.652775568415	0.233333333333333	4
990.375	588.75	M	2	afraid.jpg	59JU	1	afraid	1920	1080	294	96	1625	984	S	37	59.652775568415	0.422222222222222	5
924.5	770.625	M	2	afraid.jpg	59JU	1	afraid	1920	1080	294	96	1625	984	S	37	59.652775568415	0.222222222222222	6
945.545454545455	618	M	2	afraid.jpg	59JU	1	afraid	1920	1080	294	96	1625	984	S	37	59.652775568415	0.144444444444444	7
902.71875	585.6875	M	2	afraid.jpg	63JU	1	afraid	1920	1080	294	96	1625	984	S	39	59.652775568415	0.2	2
942.08064516129	750.016129032258	M	2	afraid.jpg	63JU	1	afraid	1920	1080	294	96	1625	984	S	39	59.652775568415	0.411111111111111	3
928.75	640.65625	M	2	afraid.jpg	63JU	1	afraid	1920	1080	294	96	1625	984	S	39	59.652775568415	0.2	4
1000	612.428571428571	M	2	afraid.jpg	63JU	1	afraid	1920	1080	294	96	1625	984	S	39	59.652775568415	0.277777777777778	5
936.86	765.2	M	2	afraid.jpg	63JU	1	afraid	1920	1080	294	96	1625	984	S	39	59.652775568415	0.322222222222222	6
659.015151515152	539.560606060606	M	2	afraid.jpg	64JU	1	afraid	1366	768	209	68	1156	700	S	40	47.3433338048559	0.433333333333333	2
660.8	393.85	M	2	afraid.jpg	64JU	1	afraid	1366	768	209	68	1156	700	S	40	47.3433338048559	0.133333333333333	3
612.321428571429	423.25	M	2	afraid.jpg	64JU	1	afraid	1366	768	209	68	1156	700	S	40	47.3433338048559	0.255555555555556	4
662.930555555556	545.444444444444	M	2	afraid.jpg	64JU	1	afraid	1366	768	209	68	1156	700	S	40	47.3433338048559	0.488888888888889	5
661.166666666667	401.875	M	2	afraid.jpg	64JU	1	afraid	1366	768	209	68	1156	700	S	40	47.3433338048559	0.155555555555556	6
964.38	727.1	M	2	afraid.jpg	65JU	1	afraid	1920	1080	294	96	1625	984	S	41	59.652775568415	0.344444444444444	2
1024.15384615385	588.326923076923	M	2	afraid.jpg	65JU	1	afraid	1920	1080	294	96	1625	984	S	41	59.652775568415	0.355555555555556	3
865.25	563.933333333333	M	2	afraid.jpg	65JU	1	afraid	1920	1080	294	96	1625	984	S	41	59.652775568415	0.4	4
945.033333333333	749.566666666667	M	2	afraid.jpg	65JU	1	afraid	1920	1080	294	96	1625	984	S	41	59.652775568415	0.188888888888889	5
639.25	411.916666666667	M	2	afraid.jpg	66JU	1	afraid	1366	768	209	68	1156	700	S	42	47.3433338048559	0.488888888888889	2
925.5	682.0625	M	2	afraid.jpg	6IS	1	afraid	1920	1080	294	96	1625	984	S	43	59.652775568415	0.111111111111111	2
925.12962962963	766.12962962963	M	2	afraid.jpg	6IS	1	afraid	1920	1080	294	96	1625	984	S	43	59.652775568415	0.366666666666667	3
1017.32258064516	581.870967741935	M	2	afraid.jpg	6IS	1	afraid	1920	1080	294	96	1625	984	S	43	59.652775568415	0.411111111111111	4
835.881578947368	571.276315789474	M	2	afraid.jpg	6IS	1	afraid	1920	1080	294	96	1625	984	S	43	59.652775568415	0.633333333333334	5
950.5	673	M	2	afraid.jpg	6IS	1	afraid	1920	1080	294	96	1625	984	S	43	59.652775568415	-0.0111111111111111	6
897.333333333333	557.138888888889	M	2	afraid.jpg	6ML	1	afraid	1920	1080	294	96	1625	984	S	44	59.652775568415	0.244444444444444	2
1028.46296296296	581.777777777778	M	2	afraid.jpg	6ML	1	afraid	1920	1080	294	96	1625	984	S	44	59.652775568415	0.366666666666667	3
931.729166666667	800.666666666667	M	2	afraid.jpg	6ML	1	afraid	1920	1080	294	96	1625	984	S	44	59.652775568415	0.333333333333333	4
924.708333333333	433.645833333333	M	2	afraid.jpg	6ML	1	afraid	1920	1080	294	96	1625	984	S	44	59.652775568415	0.333333333333333	5
1000.38888888889	569.694444444444	M	2	afraid.jpg	6ML	1	afraid	1920	1080	294	96	1625	984	S	44	59.652775568415	0.244444444444444	6
696.323529411765	416.264705882353	M	2	afraid.jpg	7ML	1	afraid	1366	768	209	68	1156	700	S	45	47.3433338048559	0.233333333333333	2
665.589285714286	549.125	M	2	afraid.jpg	7ML	1	afraid	1366	768	209	68	1156	700	S	45	47.3433338048559	0.377777777777778	3
664.05	408.6	M	2	afraid.jpg	7ML	1	afraid	1366	768	209	68	1156	700	S	45	47.3433338048559	0.266666666666667	4
949.444444444444	631.888888888889	M	2	afraid.jpg	8IS	1	neutral	1920	1080	294	96	1625	984	S	46	59.652775568415	0.122222222222222	2
942.863636363636	742.772727272727	M	2	afraid.jpg	8IS	1	neutral	1920	1080	294	96	1625	984	S	46	59.652775568415	0.288888888888889	3
912.318181818182	639	M	2	afraid.jpg	8IS	1	neutral	1920	1080	294	96	1625	984	S	46	59.652775568415	0.144444444444444	4
846.8125	594.541666666667	M	2	afraid.jpg	8IS	1	neutral	1920	1080	294	96	1625	984	S	46	59.652775568415	0.311111111111111	5
927.777777777778	753.222222222222	M	2	afraid.jpg	8IS	1	neutral	1920	1080	294	96	1625	984	S	46	59.652775568415	0.366666666666667	6
907	838	M	2	afraid.jpg	8IS	1	neutral	1920	1080	294	96	1625	984	S	46	59.652775568415	0.144444444444445	7
812.5	739	M	2	afraid.jpg	8IS	1	neutral	1920	1080	294	96	1625	984	S	46	59.652775568415	-0.0111111111111111	8
890.318181818182	601.954545454545	M	2	afraid.jpg	8ML	1	happy	1920	1080	294	96	1625	984	S	47	59.652775568415	0.144444444444444	2
927.596153846154	733.480769230769	M	2	afraid.jpg	8ML	1	happy	1920	1080	294	96	1625	984	S	47	59.652775568415	0.355555555555556	3
885.586956521739	553.13768115942	M	2	afraid.jpg	8ML	1	happy	1920	1080	294	96	1625	984	S	47	59.652775568415	0.944444444444445	4
667	473.8125	M	2	afraid.jpg	9JU	0	afraid	1366	768	260	102	1106	666	S	48	47.3433338048559	0.222222222222222	2
674.166666666667	513.625	M	2	afraid.jpg	9JU	0	afraid	1366	768	260	102	1106	666	S	48	47.3433338048559	0.155555555555556	3
716.158536585366	387.353658536585	M	2	afraid.jpg	9JU	0	afraid	1366	768	260	102	1106	666	S	48	47.3433338048559	0.544444444444445	4
664.147058823529	353.823529411765	M	2	afraid.jpg	9JU	0	afraid	1366	768	260	102	1106	666	S	48	47.3433338048559	0.211111111111111	5
687.535714285714	449.75	M	2	afraid.jpg	9JU	0	afraid	1366	768	260	102	1106	666	S	48	47.3433338048559	0.177777777777778	6
928.904761904762	773.5	M	2	afraid.jpg	9ML	1	neutral	1920	1080	294	96	1625	984	S	49	59.652775568415	0.277777777777778	2
941.5	533.470588235294	M	2	afraid.jpg	9ML	1	neutral	1920	1080	294	96	1625	984	S	49	59.652775568415	0.233333333333333	3
849.428571428571	565.1	M	2	afraid.jpg	9ML	1	neutral	1920	1080	294	96	1625	984	S	49	59.652775568415	0.477777777777778	4
920.055555555556	762.444444444444	M	2	afraid.jpg	9ML	1	neutral	1920	1080	294	96	1625	984	S	49	59.652775568415	0.244444444444444	5
