x	y	img_gender	img_actor	img_emotion	id	validity	choice	x_res	y_res	img_left	img_top	img_right	img_bottom	group	trial	ppd	fix_dur	fix_number
862.833333333333	563.933333333333	M	2	afraid.jpg	11JU	1	afraid	1920	1080	294	96	1625	984	J	1	59.652775568415	0.188888888888889	2
917.21875	727	M	2	afraid.jpg	11JU	1	afraid	1920	1080	294	96	1625	984	J	1	59.652775568415	0.2	3
890.375	575.75	M	2	afraid.jpg	11JU	1	afraid	1920	1080	294	96	1625	984	J	1	59.652775568415	0.155555555555556	4
1016.19047619048	564.428571428571	M	2	afraid.jpg	11JU	1	afraid	1920	1080	294	96	1625	984	J	1	59.652775568415	0.277777777777778	5
877.166666666667	558.714285714286	M	2	afraid.jpg	11JU	1	afraid	1920	1080	294	96	1625	984	J	1	59.652775568415	0.277777777777778	6
991.352941176471	567.735294117647	M	2	afraid.jpg	11JU	1	afraid	1920	1080	294	96	1625	984	J	1	59.652775568415	0.233333333333333	7
905.605263157895	658.052631578947	M	2	afraid.jpg	11ML	1	neutral	1920	1080	294	96	1625	984	J	2	59.652775568415	0.255555555555556	2
907	734.352941176471	M	2	afraid.jpg	11ML	1	neutral	1920	1080	294	96	1625	984	J	2	59.652775568415	0.233333333333333	3
853.5546875	584.78125	M	2	afraid.jpg	11ML	1	neutral	1920	1080	294	96	1625	984	J	2	59.652775568415	0.866666666666667	4
915.088235294118	712.764705882353	M	2	afraid.jpg	11ML	1	neutral	1920	1080	294	96	1625	984	J	2	59.652775568415	0.211111111111111	5
627.115384615385	388.653846153846	M	2	afraid.jpg	12JU	1	happy	1366	768	260	102	1106	666	J	3	47.3433338048559	0.166666666666667	2
696.40625	431.21875	M	2	afraid.jpg	12JU	1	happy	1366	768	260	102	1106	666	J	3	47.3433338048559	0.444444444444445	3
659.666666666667	510.404761904762	M	2	afraid.jpg	12JU	1	happy	1366	768	260	102	1106	666	J	3	47.3433338048559	0.277777777777778	4
630.586206896552	417.775862068966	M	2	afraid.jpg	12JU	1	happy	1366	768	260	102	1106	666	J	3	47.3433338048559	0.388888888888889	5
666.416666666667	482.958333333333	M	2	afraid.jpg	12ML	1	neutral	1366	768	209	68	1156	700	J	4	47.3433338048559	0.155555555555556	2
648.9375	575	M	2	afraid.jpg	12ML	1	neutral	1366	768	209	68	1156	700	J	4	47.3433338048559	0.333333333333333	3
708.027027027027	414.445945945946	M	2	afraid.jpg	12ML	1	neutral	1366	768	209	68	1156	700	J	4	47.3433338048559	0.5	4
661.428571428571	474.071428571429	M	2	afraid.jpg	12ML	1	neutral	1366	768	209	68	1156	700	J	4	47.3433338048559	0.177777777777778	5
712.119047619048	448.309523809524	M	2	afraid.jpg	12ML	1	neutral	1366	768	209	68	1156	700	J	4	47.3433338048559	0.277777777777778	6
608.730769230769	412	M	2	afraid.jpg	13JU	1	afraid	1366	768	209	68	1156	700	J	5	47.3433338048559	0.166666666666667	2
663.97619047619	532.738095238095	M	2	afraid.jpg	13JU	1	afraid	1366	768	209	68	1156	700	J	5	47.3433338048559	0.277777777777778	3
712.102941176471	414.161764705882	M	2	afraid.jpg	13JU	1	afraid	1366	768	209	68	1156	700	J	5	47.3433338048559	0.466666666666667	4
598.852941176471	405.632352941176	M	2	afraid.jpg	13JU	1	afraid	1366	768	209	68	1156	700	J	5	47.3433338048559	0.466666666666667	5
940.454545454545	767.681818181818	M	2	afraid.jpg	13ML	0	afraid	1920	1080	294	96	1625	984	J	6	59.652775568415	0.6	2
873.520833333333	567.666666666667	M	2	afraid.jpg	13ML	0	afraid	1920	1080	294	96	1625	984	J	6	59.652775568415	0.333333333333333	3
967.235294117647	775.205882352941	M	2	afraid.jpg	13ML	0	afraid	1920	1080	294	96	1625	984	J	6	59.652775568415	0.233333333333333	4
938.978260869565	618.260869565217	M	2	afraid.jpg	14ML	1	afraid	1920	1080	294	96	1625	984	J	7	59.652775568415	0.3	2
944.0625	779.171875	M	2	afraid.jpg	14ML	1	afraid	1920	1080	294	96	1625	984	J	7	59.652775568415	0.444444444444444	3
940.428571428571	594.357142857143	M	2	afraid.jpg	14ML	1	afraid	1920	1080	294	96	1625	984	J	7	59.652775568415	0.177777777777778	4
973.236842105263	589.644736842105	M	2	afraid.jpg	14ML	1	afraid	1920	1080	294	96	1625	984	J	7	59.652775568415	0.511111111111111	5
618.922222222222	416.2	M	2	afraid.jpg	15JU	1	neutral	1366	768	209	68	1156	700	J	8	47.3433338048559	0.611111111111111	2
56.8125	679.1875	M	2	afraid.jpg	15JU	1	neutral	1366	768	209	68	1156	700	J	8	47.3433338048559	0.0888888888888888	3
-18.8461538461538	787.269230769231	M	2	afraid.jpg	15JU	1	neutral	1366	768	209	68	1156	700	J	8	47.3433338048559	0.166666666666667	4
92.0625	801.3125	M	2	afraid.jpg	15JU	1	neutral	1366	768	209	68	1156	700	J	8	47.3433338048559	0.111111111111111	5
550.722222222222	504.055555555556	M	2	afraid.jpg	15JU	1	neutral	1366	768	209	68	1156	700	J	8	47.3433338048559	0.1	6
879.9375	595.8125	M	2	afraid.jpg	15ML	0	neutral	1920	1080	294	96	1625	984	J	9	59.652775568415	0.311111111111111	2
945.44	732.04	M	2	afraid.jpg	15ML	0	neutral	1920	1080	294	96	1625	984	J	9	59.652775568415	0.322222222222222	3
872.846153846154	569.076923076923	M	2	afraid.jpg	15ML	0	neutral	1920	1080	294	96	1625	984	J	9	59.652775568415	0.166666666666667	4
985.583333333333	561.625	M	2	afraid.jpg	15ML	0	neutral	1920	1080	294	96	1625	984	J	9	59.652775568415	0.155555555555556	5
651.909090909091	424.454545454545	M	2	afraid.jpg	16IS	1	afraid	1366	768	209	68	1156	700	J	10	47.3433338048559	0.144444444444444	2
666.3	498.166666666667	M	2	afraid.jpg	16IS	1	afraid	1366	768	209	68	1156	700	J	10	47.3433338048559	0.188888888888889	3
624.928571428571	389.535714285714	M	2	afraid.jpg	16IS	1	afraid	1366	768	209	68	1156	700	J	10	47.3433338048559	0.177777777777778	4
718.891891891892	383.864864864865	M	2	afraid.jpg	16IS	1	afraid	1366	768	209	68	1156	700	J	10	47.3433338048559	0.5	5
674.435897435897	506.307692307692	M	2	afraid.jpg	16IS	1	afraid	1366	768	209	68	1156	700	J	10	47.3433338048559	0.522222222222222	6
649.5	528.4	M	2	afraid.jpg	16ML	1	afraid	1366	768	209	68	1156	700	J	11	47.3433338048559	0.188888888888889	2
624.96875	399.0625	M	2	afraid.jpg	16ML	1	afraid	1366	768	209	68	1156	700	J	11	47.3433338048559	0.222222222222222	3
724.9375	397.041666666667	M	2	afraid.jpg	16ML	1	afraid	1366	768	209	68	1156	700	J	11	47.3433338048559	0.311111111111111	4
721.977272727273	358.590909090909	M	2	afraid.jpg	16ML	1	afraid	1366	768	209	68	1156	700	J	11	47.3433338048559	0.288888888888889	5
589.95	371.4	M	2	afraid.jpg	16ML	1	afraid	1366	768	209	68	1156	700	J	11	47.3433338048559	0.133333333333333	6
647.764705882353	543.705882352941	M	2	afraid.jpg	16ML	1	afraid	1366	768	209	68	1156	700	J	11	47.3433338048559	0.211111111111111	7
665.931818181818	565.704545454545	M	2	afraid.jpg	17IS	1	afraid	1366	768	209	68	1156	700	J	12	47.3433338048559	0.288888888888889	2
708.569444444444	436.569444444444	M	2	afraid.jpg	17IS	1	afraid	1366	768	209	68	1156	700	J	12	47.3433338048559	0.488888888888889	3
613.86	391.66	M	2	afraid.jpg	17IS	1	afraid	1366	768	209	68	1156	700	J	12	47.3433338048559	0.322222222222222	4
673.263157894737	427.578947368421	M	2	afraid.jpg	17IS	1	afraid	1366	768	209	68	1156	700	J	12	47.3433338048559	0.255555555555556	5
623.03125	428.96875	M	2	afraid.jpg	18JU	1	afraid	1366	768	209	68	1156	700	J	13	47.3433338048559	0.2	2
658.458333333333	535.458333333333	M	2	afraid.jpg	18JU	1	afraid	1366	768	209	68	1156	700	J	13	47.3433338048559	0.311111111111111	3
610.890909090909	422.590909090909	M	2	afraid.jpg	18JU	1	afraid	1366	768	209	68	1156	700	J	13	47.3433338048559	0.744444444444444	4
677.277777777778	411.222222222222	M	2	afraid.jpg	18JU	1	afraid	1366	768	209	68	1156	700	J	13	47.3433338048559	0.122222222222222	5
711.5	401.28125	M	2	afraid.jpg	18ML	1	afraid	1366	768	209	68	1156	700	J	14	47.3433338048559	0.2	2
642.854166666667	540.5	M	2	afraid.jpg	18ML	1	afraid	1366	768	209	68	1156	700	J	14	47.3433338048559	0.311111111111111	3
618.5	397	M	2	afraid.jpg	18ML	1	afraid	1366	768	209	68	1156	700	J	14	47.3433338048559	0.344444444444444	4
648.136363636364	394.272727272727	M	2	afraid.jpg	18ML	1	afraid	1366	768	209	68	1156	700	J	14	47.3433338048559	0.144444444444444	5
644.017857142857	526.357142857143	M	2	afraid.jpg	19JU	1	sad	1366	768	209	68	1156	700	J	15	47.3433338048559	0.377777777777778	2
645.96875	411.8125	M	2	afraid.jpg	19JU	1	sad	1366	768	209	68	1156	700	J	15	47.3433338048559	0.2	3
607.56	403.74	M	2	afraid.jpg	19JU	1	sad	1366	768	209	68	1156	700	J	15	47.3433338048559	0.344444444444444	4
702.104166666667	393.791666666667	M	2	afraid.jpg	19JU	1	sad	1366	768	209	68	1156	700	J	15	47.3433338048559	0.311111111111111	5
885.5	594.941176470588	M	2	afraid.jpg	19ML	1	afraid	1920	1080	294	96	1625	984	J	16	59.652775568415	0.233333333333333	2
945.37037037037	754.296296296296	M	2	afraid.jpg	19ML	1	afraid	1920	1080	294	96	1625	984	J	16	59.652775568415	0.366666666666667	3
925.1875	580	M	2	afraid.jpg	19ML	1	afraid	1920	1080	294	96	1625	984	J	16	59.652775568415	0.111111111111111	4
944.40243902439	723.085365853659	M	2	afraid.jpg	1ML	1	neutral	1920	1080	294	96	1625	984	J	17	59.652775568415	0.566666666666667	2
833.7734375	580.8984375	M	2	afraid.jpg	1ML	1	neutral	1920	1080	294	96	1625	984	J	17	59.652775568415	0.866666666666667	3
657.6375	547.6625	M	2	afraid.jpg	20IS	1	afraid	1366	768	209	68	1156	700	J	18	47.3433338048559	0.533333333333333	2
661.5	396.068181818182	M	2	afraid.jpg	20IS	1	afraid	1366	768	209	68	1156	700	J	18	47.3433338048559	0.288888888888889	3
598.617647058824	377.088235294118	M	2	afraid.jpg	20IS	1	afraid	1366	768	209	68	1156	700	J	18	47.3433338048559	0.233333333333333	4
661.534482758621	513.327586206897	M	2	afraid.jpg	20IS	1	afraid	1366	768	209	68	1156	700	J	18	47.3433338048559	0.388888888888889	5
661.94	521.44	M	2	afraid.jpg	20JU	1	afraid	1366	768	209	68	1156	700	J	19	47.3433338048559	0.322222222222222	2
706.440476190476	430.666666666667	M	2	afraid.jpg	20JU	1	afraid	1366	768	209	68	1156	700	J	19	47.3433338048559	0.577777777777778	3
627.290322580645	407.338709677419	M	2	afraid.jpg	20ML	1	afraid	1366	768	209	68	1156	700	J	20	47.3433338048559	0.411111111111111	2
663.053571428571	524.392857142857	M	2	afraid.jpg	20ML	1	afraid	1366	768	209	68	1156	700	J	20	47.3433338048559	0.377777777777778	3
935.323529411765	710.529411764706	M	2	afraid.jpg	21ML	1	afraid	1920	1080	294	96	1625	984	J	21	59.652775568415	0.233333333333333	2
1006.88461538462	577.375	M	2	afraid.jpg	21ML	1	afraid	1920	1080	294	96	1625	984	J	21	59.652775568415	0.711111111111111	3
677	574.1875	M	2	afraid.jpg	21ML	1	afraid	1920	1080	294	96	1625	984	J	21	59.652775568415	0.0888888888888888	4
616.833333333333	434.166666666667	M	2	afraid.jpg	29ML	1	afraid	1366	768	209	68	1156	700	J	22	47.3433338048559	0.122222222222222	2
647.257575757576	563.863636363636	M	2	afraid.jpg	29ML	1	afraid	1366	768	209	68	1156	700	J	22	47.3433338048559	0.433333333333333	3
656	421.84375	M	2	afraid.jpg	29ML	1	afraid	1366	768	209	68	1156	700	J	22	47.3433338048559	0.222222222222222	4
706.571428571429	398.392857142857	M	2	afraid.jpg	29ML	1	afraid	1366	768	209	68	1156	700	J	22	47.3433338048559	0.177777777777778	5
607.884615384615	395.865384615385	M	2	afraid.jpg	29ML	1	afraid	1366	768	209	68	1156	700	J	22	47.3433338048559	0.355555555555556	6
700.84375	407.5	M	2	afraid.jpg	29ML	1	afraid	1366	768	209	68	1156	700	J	22	47.3433338048559	0.222222222222222	7
887.357142857143	606.178571428571	M	2	afraid.jpg	2IS	1	afraid	1920	1080	294	96	1625	984	J	23	59.652775568415	0.177777777777778	2
927.833333333333	753.645833333333	M	2	afraid.jpg	2IS	1	afraid	1920	1080	294	96	1625	984	J	23	59.652775568415	0.644444444444445	3
921.461538461538	544.615384615385	M	2	afraid.jpg	2IS	1	afraid	1920	1080	294	96	1625	984	J	23	59.652775568415	0.166666666666667	4
747.875	387.708333333333	M	2	afraid.jpg	2JU	0	afraid	1366	768	260	102	1106	666	J	24	47.3433338048559	0.155555555555556	2
730.733333333333	451.266666666667	M	2	afraid.jpg	2JU	0	afraid	1366	768	260	102	1106	666	J	24	47.3433338048559	0.188888888888889	3
717.289473684211	510.289473684211	M	2	afraid.jpg	2JU	0	afraid	1366	768	260	102	1106	666	J	24	47.3433338048559	0.255555555555556	4
644.125	437.375	M	2	afraid.jpg	30JU	1	afraid	1366	768	209	68	1156	700	J	25	47.3433338048559	0.111111111111111	2
666.621212121212	549.393939393939	M	2	afraid.jpg	30JU	1	afraid	1366	768	209	68	1156	700	J	25	47.3433338048559	0.455555555555556	3
614.875	401.46875	M	2	afraid.jpg	30JU	1	afraid	1366	768	209	68	1156	700	J	25	47.3433338048559	0.444444444444444	4
713.936170212766	408.765957446808	M	2	afraid.jpg	30JU	1	afraid	1366	768	209	68	1156	700	J	25	47.3433338048559	0.633333333333334	5
631.910714285714	411.964285714286	M	2	afraid.jpg	31ML	1	afraid	1366	768	209	68	1156	700	J	26	47.3433338048559	0.377777777777778	2
725.643835616438	409.746575342466	M	2	afraid.jpg	31ML	1	afraid	1366	768	209	68	1156	700	J	26	47.3433338048559	0.988888888888889	3
675.95	431.1	M	2	afraid.jpg	31ML	1	afraid	1366	768	209	68	1156	700	J	26	47.3433338048559	0.133333333333334	4
848.078947368421	590.236842105263	M	2	afraid.jpg	32ML	1	angry	1920	1080	294	96	1625	984	J	27	59.652775568415	0.255555555555556	2
904.307692307692	732.153846153846	M	2	afraid.jpg	32ML	1	angry	1920	1080	294	96	1625	984	J	27	59.652775568415	0.166666666666667	3
858.24	556.24	M	2	afraid.jpg	32ML	1	angry	1920	1080	294	96	1625	984	J	27	59.652775568415	0.344444444444444	4
925.4	745.4	M	2	afraid.jpg	33ML	1	afraid	1920	1080	294	96	1625	984	J	28	59.652775568415	0.4	2
913.3625	608.175	M	2	afraid.jpg	33ML	1	afraid	1920	1080	294	96	1625	984	J	28	59.652775568415	0.555555555555556	3
959.25	708.5	M	2	afraid.jpg	33ML	1	afraid	1920	1080	294	96	1625	984	J	28	59.652775568415	0.0222222222222224	4
957.428571428571	630.357142857143	M	2	afraid.jpg	33ML	1	afraid	1920	1080	294	96	1625	984	J	28	59.652775568415	0.0777777777777777	5
625.807692307692	430.138461538462	M	2	afraid.jpg	34ML	1	neutral	1366	768	209	68	1156	700	J	29	47.3433338048559	0.877777777777778	2
626.75	429.0375	M	2	afraid.jpg	34ML	1	neutral	1366	768	209	68	1156	700	J	29	47.3433338048559	0.533333333333333	3
662.75	548.633333333333	M	2	afraid.jpg	35ML	1	neutral	1366	768	209	68	1156	700	J	30	47.3433338048559	0.4	2
715.878048780488	419.134146341463	M	2	afraid.jpg	35ML	1	neutral	1366	768	209	68	1156	700	J	30	47.3433338048559	0.544444444444445	3
687.785714285714	525	M	2	afraid.jpg	36ML	1	happy	1366	768	209	68	1156	700	J	31	47.3433338048559	0.177777777777778	2
658.066666666667	422.716666666667	M	2	afraid.jpg	36ML	1	happy	1366	768	209	68	1156	700	J	31	47.3433338048559	0.4	3
686.085365853659	580.365853658537	M	2	afraid.jpg	36ML	1	happy	1366	768	209	68	1156	700	J	31	47.3433338048559	0.566666666666667	4
706.75	357.25	M	2	afraid.jpg	38JU	1	angry	1366	768	209	68	1156	700	J	32	47.3433338048559	0.0444444444444445	2
705.916666666667	398.5	M	2	afraid.jpg	38JU	1	angry	1366	768	209	68	1156	700	J	32	47.3433338048559	0.155555555555556	3
727.5	372	M	2	afraid.jpg	38JU	1	angry	1366	768	209	68	1156	700	J	32	47.3433338048559	0.0111111111111111	4
702.5	406	M	2	afraid.jpg	38JU	1	angry	1366	768	209	68	1156	700	J	32	47.3433338048559	0.0222222222222223	5
643.75	508.25	M	2	afraid.jpg	38JU	1	angry	1366	768	209	68	1156	700	J	32	47.3433338048559	0.377777777777778	6
697.203125	407.171875	M	2	afraid.jpg	38JU	1	angry	1366	768	209	68	1156	700	J	32	47.3433338048559	0.422222222222222	7
692	369.5	M	2	afraid.jpg	38JU	1	angry	1366	768	209	68	1156	700	J	32	47.3433338048559	0.0111111111111113	8
712.75	402.4	M	2	afraid.jpg	38JU	1	angry	1366	768	209	68	1156	700	J	32	47.3433338048559	0.133333333333333	9
663	490.5	M	2	afraid.jpg	38JU	1	angry	1366	768	209	68	1156	700	J	32	47.3433338048559	0.0111111111111111	10
644.184210526316	414.552631578947	M	2	afraid.jpg	39JU	1	afraid	1366	768	209	68	1156	700	J	33	47.3433338048559	0.255555555555556	2
732.352941176471	408.970588235294	M	2	afraid.jpg	39JU	1	afraid	1366	768	209	68	1156	700	J	33	47.3433338048559	0.233333333333333	3
593.9	437.4	M	2	afraid.jpg	39JU	1	afraid	1366	768	209	68	1156	700	J	33	47.3433338048559	0.188888888888889	4
665.708333333333	515.791666666667	M	2	afraid.jpg	39JU	1	afraid	1366	768	209	68	1156	700	J	33	47.3433338048559	0.311111111111111	5
636.060606060606	416.848484848485	M	2	afraid.jpg	39JU	1	afraid	1366	768	209	68	1156	700	J	33	47.3433338048559	0.455555555555555	6
963.472222222222	767.694444444444	M	2	afraid.jpg	3IS	1	happy	1920	1080	294	96	1625	984	J	34	59.652775568415	0.488888888888889	2
845.839285714286	1523.76785714286	M	2	afraid.jpg	3IS	1	happy	1920	1080	294	96	1625	984	J	34	59.652775568415	0.388888888888889	3
1366.3125	1554.375	M	2	afraid.jpg	3IS	1	happy	1920	1080	294	96	1625	984	J	34	59.652775568415	0.088888888888889	4
874.909090909091	615.045454545455	M	2	afraid.jpg	3ML	1	afraid	1920	1080	294	96	1625	984	J	35	59.652775568415	0.144444444444444	2
888.454545454545	728.818181818182	M	2	afraid.jpg	3ML	1	afraid	1920	1080	294	96	1625	984	J	35	59.652775568415	0.144444444444444	3
897.689655172414	781.758620689655	M	2	afraid.jpg	3ML	1	afraid	1920	1080	294	96	1625	984	J	35	59.652775568415	0.388888888888889	4
851.549019607843	598.333333333333	M	2	afraid.jpg	3ML	1	afraid	1920	1080	294	96	1625	984	J	35	59.652775568415	0.7	5
914.78	592.5	M	2	afraid.jpg	40JU	1	afraid	1920	1080	294	96	1625	984	J	36	59.652775568415	0.344444444444444	2
931.333333333333	742.805555555556	M	2	afraid.jpg	40JU	1	afraid	1920	1080	294	96	1625	984	J	36	59.652775568415	0.244444444444444	3
975.060975609756	565.146341463415	M	2	afraid.jpg	40JU	1	afraid	1920	1080	294	96	1625	984	J	36	59.652775568415	0.566666666666667	4
871.25	552.291666666667	M	2	afraid.jpg	41JU	1	afraid	1920	1080	294	96	1625	984	J	38	59.652775568415	0.311111111111111	2
1017.28571428571	565.142857142857	M	2	afraid.jpg	41JU	1	afraid	1920	1080	294	96	1625	984	J	38	59.652775568415	0.177777777777778	3
943.310344827586	721.241379310345	M	2	afraid.jpg	41JU	1	afraid	1920	1080	294	96	1625	984	J	38	59.652775568415	0.388888888888889	4
1001.66	551.32	M	2	afraid.jpg	41JU	1	afraid	1920	1080	294	96	1625	984	J	38	59.652775568415	0.344444444444444	5
630.764705882353	462.529411764706	M	2	afraid.jpg	41ML	1	neutral	1366	768	209	68	1156	700	J	39	47.3433338048559	0.233333333333333	2
703.08	425	M	2	afraid.jpg	41ML	1	neutral	1366	768	209	68	1156	700	J	39	47.3433338048559	0.344444444444444	3
591.53125	419.9375	M	2	afraid.jpg	41ML	1	neutral	1366	768	209	68	1156	700	J	39	47.3433338048559	0.222222222222222	4
651.905405405405	569.891891891892	M	2	afraid.jpg	41ML	1	neutral	1366	768	209	68	1156	700	J	39	47.3433338048559	0.5	5
637.583333333333	423.5	M	2	afraid.jpg	42JU	1	afraid	1366	768	209	68	1156	700	J	40	47.3433338048559	0.155555555555556	2
644.954545454545	530.431818181818	M	2	afraid.jpg	42JU	1	afraid	1366	768	209	68	1156	700	J	40	47.3433338048559	0.288888888888889	3
620.895833333333	424	M	2	afraid.jpg	42JU	1	afraid	1366	768	209	68	1156	700	J	40	47.3433338048559	0.311111111111111	4
607	451	M	2	afraid.jpg	42JU	1	afraid	1366	768	209	68	1156	700	J	40	47.3433338048559	0.111111111111111	5
554	480	M	2	afraid.jpg	42JU	1	afraid	1366	768	209	68	1156	700	J	40	47.3433338048559	0.0111111111111111	6
619.5	423	M	2	afraid.jpg	42JU	1	afraid	1366	768	209	68	1156	700	J	40	47.3433338048559	0.0111111111111111	7
601.357142857143	420.267857142857	M	2	afraid.jpg	42JU	1	afraid	1366	768	209	68	1156	700	J	40	47.3433338048559	0.377777777777778	8
565.25	470.5	M	2	afraid.jpg	42JU	1	afraid	1366	768	209	68	1156	700	J	40	47.3433338048559	0.0222222222222224	9
659.178571428571	547.053571428571	M	2	afraid.jpg	43JU	1	afraid	1366	768	209	68	1156	700	J	42	47.3433338048559	0.377777777777778	2
658.166666666667	423.291666666667	M	2	afraid.jpg	43JU	1	afraid	1366	768	209	68	1156	700	J	42	47.3433338048559	0.155555555555556	3
704.595238095238	411.571428571429	M	2	afraid.jpg	43JU	1	afraid	1366	768	209	68	1156	700	J	42	47.3433338048559	0.277777777777778	4
622.86	407.26	M	2	afraid.jpg	43JU	1	afraid	1366	768	209	68	1156	700	J	42	47.3433338048559	0.344444444444445	5
709.229166666667	421.875	M	2	afraid.jpg	43JU	1	afraid	1366	768	209	68	1156	700	J	42	47.3433338048559	0.333333333333333	6
963.8125	582.854166666667	M	2	afraid.jpg	43ML	1	afraid	1920	1080	294	96	1625	984	J	43	59.652775568415	0.311111111111111	2
932.041666666667	784.5	M	2	afraid.jpg	43ML	1	afraid	1920	1080	294	96	1625	984	J	43	59.652775568415	0.155555555555556	3
885.833333333333	549.638888888889	M	2	afraid.jpg	43ML	1	afraid	1920	1080	294	96	1625	984	J	43	59.652775568415	0.244444444444444	4
679.289473684211	534.5	M	2	afraid.jpg	44JU	1	neutral	1366	768	209	68	1156	700	J	44	47.3433338048559	0.255555555555556	2
709.388888888889	438.666666666667	M	2	afraid.jpg	44JU	1	neutral	1366	768	209	68	1156	700	J	44	47.3433338048559	0.244444444444444	3
659.74	527.9	M	2	afraid.jpg	44JU	1	neutral	1366	768	209	68	1156	700	J	44	47.3433338048559	0.322222222222222	4
628.055555555556	411.5	M	2	afraid.jpg	44ML	1	afraid	1366	768	209	68	1156	700	J	45	47.3433338048559	0.122222222222222	2
720.202702702703	428.527027027027	M	2	afraid.jpg	44ML	1	afraid	1366	768	209	68	1156	700	J	45	47.3433338048559	0.5	3
674.208333333333	563.604166666667	M	2	afraid.jpg	44ML	1	afraid	1366	768	209	68	1156	700	J	45	47.3433338048559	0.333333333333333	4
1299.9375	776.5625	M	2	afraid.jpg	44ML	1	afraid	1366	768	209	68	1156	700	J	45	47.3433338048559	0.222222222222222	5
801.478260869565	485	M	2	afraid.jpg	44ML	1	afraid	1366	768	209	68	1156	700	J	45	47.3433338048559	0.3	6
1033.5	553	M	2	afraid.jpg	45JU	0	afraid	1920	1080	294	96	1625	984	J	46	59.652775568415	0.0111111111111111	2
881.236842105263	532.236842105263	M	2	afraid.jpg	45JU	0	afraid	1920	1080	294	96	1625	984	J	46	59.652775568415	0.288888888888889	3
921	538.5	M	2	afraid.jpg	45JU	0	afraid	1920	1080	294	96	1625	984	J	46	59.652775568415	0.0111111111111111	4
646.964285714286	422.178571428571	M	2	afraid.jpg	45ML	1	neutral	1366	768	209	68	1156	700	J	47	47.3433338048559	0.177777777777778	2
670.041666666667	466.916666666667	M	2	afraid.jpg	45ML	1	neutral	1366	768	209	68	1156	700	J	47	47.3433338048559	0.155555555555556	3
642.1	515.3	M	2	afraid.jpg	45ML	1	neutral	1366	768	209	68	1156	700	J	47	47.3433338048559	0.133333333333333	4
656.625	392.354166666667	M	2	afraid.jpg	45ML	1	neutral	1366	768	209	68	1156	700	J	47	47.3433338048559	0.333333333333333	5
624.295454545455	413.840909090909	M	2	afraid.jpg	45ML	1	neutral	1366	768	209	68	1156	700	J	47	47.3433338048559	0.288888888888889	6
692.772727272727	416.454545454545	M	2	afraid.jpg	45ML	1	neutral	1366	768	209	68	1156	700	J	47	47.3433338048559	0.144444444444444	7
629.15625	418.15625	M	2	afraid.jpg	45ML	1	neutral	1366	768	209	68	1156	700	J	47	47.3433338048559	0.2	8
687.405405405405	573.648648648649	M	2	afraid.jpg	46JU	1	neutral	1366	768	209	68	1156	700	J	48	47.3433338048559	0.5	2
740.704819277108	428.10843373494	M	2	afraid.jpg	46JU	1	neutral	1366	768	209	68	1156	700	J	48	47.3433338048559	1.14444444444444	3
1017.56818181818	502.659090909091	M	2	afraid.jpg	47ML	1	afraid	1920	1080	294	96	1625	984	J	50	59.652775568415	0.288888888888889	2
943.227272727273	633.886363636364	M	2	afraid.jpg	47ML	1	afraid	1920	1080	294	96	1625	984	J	50	59.652775568415	0.288888888888889	3
961	594.5	M	2	afraid.jpg	47ML	1	afraid	1920	1080	294	96	1625	984	J	50	59.652775568415	0.0111111111111111	4
949.833333333333	585.916666666667	M	2	afraid.jpg	47ML	1	afraid	1920	1080	294	96	1625	984	J	50	59.652775568415	0.0666666666666667	5
650.111111111111	421.555555555556	M	2	afraid.jpg	48JU	1	afraid	1366	768	209	68	1156	700	J	51	47.3433338048559	0.122222222222222	2
654.114754098361	554.475409836066	M	2	afraid.jpg	48JU	1	afraid	1366	768	209	68	1156	700	J	51	47.3433338048559	0.833333333333333	3
622.315217391304	446.173913043478	M	2	afraid.jpg	48JU	1	afraid	1366	768	209	68	1156	700	J	51	47.3433338048559	0.622222222222222	4
657.181818181818	447	M	2	afraid.jpg	48ML	1	neutral	1366	768	209	68	1156	700	J	52	47.3433338048559	0.144444444444444	2
654.194444444444	536.638888888889	M	2	afraid.jpg	48ML	1	neutral	1366	768	209	68	1156	700	J	52	47.3433338048559	0.244444444444444	3
653.2	454.7	M	2	afraid.jpg	48ML	1	neutral	1366	768	209	68	1156	700	J	52	47.3433338048559	0.133333333333333	4
703.59756097561	416.963414634146	M	2	afraid.jpg	48ML	1	neutral	1366	768	209	68	1156	700	J	52	47.3433338048559	0.544444444444444	5
622.5	442.421052631579	M	2	afraid.jpg	49JU	1	afraid	1366	768	209	68	1156	700	J	53	47.3433338048559	0.255555555555556	2
653.857142857143	546.5	M	2	afraid.jpg	49JU	1	afraid	1366	768	209	68	1156	700	J	53	47.3433338048559	0.177777777777778	3
626.159090909091	406	M	2	afraid.jpg	49JU	1	afraid	1366	768	209	68	1156	700	J	53	47.3433338048559	0.288888888888889	4
707.448979591837	433.989795918367	M	2	afraid.jpg	49JU	1	afraid	1366	768	209	68	1156	700	J	53	47.3433338048559	0.655555555555556	5
771.5	2	M	2	afraid.jpg	49JU	1	afraid	1366	768	209	68	1156	700	J	53	47.3433338048559	0.0111111111111111	6
960.5	507.5	M	2	afraid.jpg	49ML	1	afraid	1920	1080	294	96	1625	984	J	54	59.652775568415	0.1	2
966.4375	592.0625	M	2	afraid.jpg	49ML	1	afraid	1920	1080	294	96	1625	984	J	54	59.652775568415	0.111111111111111	3
966.84375	713.4375	M	2	afraid.jpg	49ML	1	afraid	1920	1080	294	96	1625	984	J	54	59.652775568415	0.2	4
966.092592592593	763.185185185185	M	2	afraid.jpg	49ML	1	afraid	1920	1080	294	96	1625	984	J	54	59.652775568415	0.366666666666667	5
904.0375	590.85	M	2	afraid.jpg	49ML	1	afraid	1920	1080	294	96	1625	984	J	54	59.652775568415	0.533333333333333	6
968.8	725.7	M	2	afraid.jpg	49ML	1	afraid	1920	1080	294	96	1625	984	J	54	59.652775568415	0.188888888888889	7
931.326923076923	801.615384615385	M	2	afraid.jpg	4IS	1	neutral	1920	1080	294	96	1625	984	J	55	59.652775568415	0.355555555555556	2
875.736842105263	535.052631578947	M	2	afraid.jpg	4IS	1	neutral	1920	1080	294	96	1625	984	J	55	59.652775568415	0.255555555555556	3
899.176470588235	600.058823529412	M	2	afraid.jpg	4IS	1	neutral	1920	1080	294	96	1625	984	J	55	59.652775568415	0.233333333333333	4
588.76	409.5	M	2	afraid.jpg	50ML	1	happy	1366	768	209	68	1156	700	J	56	47.3433338048559	0.688888888888889	2
911.178571428571	622.607142857143	M	2	afraid.jpg	56JU	1	happy	1920	1080	294	96	1625	984	J	57	59.652775568415	0.177777777777778	2
918.612903225806	728.790322580645	M	2	afraid.jpg	56JU	1	happy	1920	1080	294	96	1625	984	J	57	59.652775568415	0.411111111111111	3
931.857142857143	573.285714285714	M	2	afraid.jpg	56JU	1	happy	1920	1080	294	96	1625	984	J	57	59.652775568415	0.177777777777778	4
853.852941176471	566.470588235294	M	2	afraid.jpg	56JU	1	happy	1920	1080	294	96	1625	984	J	57	59.652775568415	0.211111111111111	5
661.227272727273	464.454545454545	M	2	afraid.jpg	58JU	1	afraid	1366	768	209	68	1156	700	J	58	47.3433338048559	0.144444444444444	2
655.846153846154	563.115384615385	M	2	afraid.jpg	58JU	1	afraid	1366	768	209	68	1156	700	J	58	47.3433338048559	0.166666666666667	3
682.71875	452.28125	M	2	afraid.jpg	58JU	1	afraid	1366	768	209	68	1156	700	J	58	47.3433338048559	0.2	4
653.333333333333	567.7	M	2	afraid.jpg	58JU	1	afraid	1366	768	209	68	1156	700	J	58	47.3433338048559	0.188888888888889	5
640.92	461.04	M	2	afraid.jpg	58JU	1	afraid	1366	768	209	68	1156	700	J	58	47.3433338048559	0.322222222222222	6
646.3	557.22	M	2	afraid.jpg	58JU	1	afraid	1366	768	209	68	1156	700	J	58	47.3433338048559	0.322222222222222	7
882.966666666667	589.9	M	2	afraid.jpg	5IS	1	afraid	1920	1080	294	96	1625	984	J	59	59.652775568415	0.233333333333333	2
1020.38636363636	587.386363636364	M	2	afraid.jpg	5IS	1	afraid	1920	1080	294	96	1625	984	J	59	59.652775568415	0.277777777777778	3
874.34375	596.5625	M	2	afraid.jpg	5IS	1	afraid	1920	1080	294	96	1625	984	J	59	59.652775568415	0.2	4
935.59375	818.90625	M	2	afraid.jpg	5IS	1	afraid	1920	1080	294	96	1625	984	J	59	59.652775568415	0.222222222222222	5
924.318181818182	636.636363636364	M	2	afraid.jpg	5IS	1	afraid	1920	1080	294	96	1625	984	J	59	59.652775568415	0.144444444444444	6
915.088235294118	627.558823529412	M	2	afraid.jpg	5ML	1	neutral	1920	1080	294	96	1625	984	J	60	59.652775568415	0.211111111111111	2
900.414285714286	729.557142857143	M	2	afraid.jpg	5ML	1	neutral	1920	1080	294	96	1625	984	J	60	59.652775568415	0.477777777777778	3
977.266666666667	570.866666666667	M	2	afraid.jpg	5ML	1	neutral	1920	1080	294	96	1625	984	J	60	59.652775568415	0.4	4
834.692307692308	569.153846153846	M	2	afraid.jpg	5ML	1	neutral	1920	1080	294	96	1625	984	J	60	59.652775568415	0.166666666666667	5
957.5	701	M	2	afraid.jpg	5ML	1	neutral	1920	1080	294	96	1625	984	J	60	59.652775568415	0.0111111111111111	6
902.75	534.4375	M	2	afraid.jpg	5ML	1	neutral	1920	1080	294	96	1625	984	J	60	59.652775568415	0.2	7
958.260869565217	647.760869565217	M	2	afraid.jpg	60JU	1	neutral	1920	1080	294	96	1625	984	J	61	59.652775568415	0.3	2
1031.81428571429	586.785714285714	M	2	afraid.jpg	60JU	1	neutral	1920	1080	294	96	1625	984	J	61	59.652775568415	0.477777777777778	3
927.810810810811	782.175675675676	M	2	afraid.jpg	60JU	1	neutral	1920	1080	294	96	1625	984	J	61	59.652775568415	0.5	4
703.45	541.25	M	2	afraid.jpg	61JU	1	sad	1366	768	209	68	1156	700	J	62	47.3433338048559	0.133333333333333	2
637.266666666667	434.133333333333	M	2	afraid.jpg	61JU	1	sad	1366	768	209	68	1156	700	J	62	47.3433338048559	0.4	3
652.1	565.225	M	2	afraid.jpg	61JU	1	sad	1366	768	209	68	1156	700	J	62	47.3433338048559	0.266666666666667	4
893.833333333333	597.833333333333	M	2	afraid.jpg	62JU	1	afraid	1920	1080	294	96	1625	984	J	63	59.652775568415	0.155555555555556	2
930.090909090909	724.363636363636	M	2	afraid.jpg	62JU	1	afraid	1920	1080	294	96	1625	984	J	63	59.652775568415	0.288888888888889	3
913.230769230769	588.153846153846	M	2	afraid.jpg	62JU	1	afraid	1920	1080	294	96	1625	984	J	63	59.652775568415	0.355555555555556	4
1100.14285714286	590.571428571429	M	2	afraid.jpg	62JU	1	afraid	1920	1080	294	96	1625	984	J	63	59.652775568415	0.177777777777778	5
696.847826086957	421.760869565217	M	2	afraid.jpg	67JU	1	neutral	1366	768	209	68	1156	700	J	64	47.3433338048559	0.3	2
669	522.961538461538	M	2	afraid.jpg	67JU	1	neutral	1366	768	209	68	1156	700	J	64	47.3433338048559	0.355555555555556	3
707.163793103448	418.76724137931	M	2	afraid.jpg	67JU	1	neutral	1366	768	209	68	1156	700	J	64	47.3433338048559	0.8	4
656.535714285714	538.75	M	2	afraid.jpg	67JU	1	neutral	1366	768	209	68	1156	700	J	64	47.3433338048559	0.177777777777778	5
955.65	624.75	M	2	afraid.jpg	68JU	1	happy	1920	1080	294	96	1625	984	J	65	59.652775568415	0.133333333333333	2
877.8125	631.75	M	2	afraid.jpg	68JU	1	happy	1920	1080	294	96	1625	984	J	65	59.652775568415	0.111111111111111	3
947.760869565217	802.413043478261	M	2	afraid.jpg	68JU	1	happy	1920	1080	294	96	1625	984	J	65	59.652775568415	0.3	4
885.869047619048	600.857142857143	M	2	afraid.jpg	68JU	1	happy	1920	1080	294	96	1625	984	J	65	59.652775568415	0.577777777777778	5
947.166666666667	778.966666666667	M	2	afraid.jpg	68JU	1	happy	1920	1080	294	96	1625	984	J	65	59.652775568415	0.188888888888889	6
926.227272727273	580.136363636364	M	2	afraid.jpg	68JU	1	happy	1920	1080	294	96	1625	984	J	65	59.652775568415	0.144444444444445	7
661.573170731707	569.80487804878	M	2	afraid.jpg	69JU	1	afraid	1366	768	209	68	1156	700	J	66	47.3433338048559	0.544444444444445	2
660.611111111111	446.944444444444	M	2	afraid.jpg	6JU	1	afraid	1366	768	260	102	1106	666	J	67	47.3433338048559	0.122222222222222	2
667.30303030303	518.575757575758	M	2	afraid.jpg	6JU	1	afraid	1366	768	260	102	1106	666	J	67	47.3433338048559	0.433333333333333	3
624.53125	417.8046875	M	2	afraid.jpg	6JU	1	afraid	1366	768	260	102	1106	666	J	67	47.3433338048559	0.888888888888889	4
672.525	520.075	M	2	afraid.jpg	70JU	1	afraid	1366	768	209	68	1156	700	J	68	47.3433338048559	0.266666666666667	2
716.055555555556	404.148148148148	M	2	afraid.jpg	70JU	1	afraid	1366	768	209	68	1156	700	J	68	47.3433338048559	0.366666666666667	3
662.25	535.6875	M	2	afraid.jpg	70JU	1	afraid	1366	768	209	68	1156	700	J	68	47.3433338048559	0.333333333333333	4
870.666666666667	580.466666666667	M	2	afraid.jpg	71JU	1	afraid	1920	1080	294	96	1625	984	J	69	59.652775568415	0.188888888888889	2
921.8125	765.075	M	2	afraid.jpg	71JU	1	afraid	1920	1080	294	96	1625	984	J	69	59.652775568415	0.533333333333333	3
874.903846153846	613.576923076923	M	2	afraid.jpg	71JU	1	afraid	1920	1080	294	96	1625	984	J	69	59.652775568415	0.355555555555556	4
1001.775	609.675	M	2	afraid.jpg	71JU	1	afraid	1920	1080	294	96	1625	984	J	69	59.652775568415	0.266666666666667	5
832.423076923077	598.769230769231	M	2	afraid.jpg	71JU	1	afraid	1920	1080	294	96	1625	984	J	69	59.652775568415	0.166666666666667	6
608.733333333333	450.133333333333	M	2	afraid.jpg	72JU	1	angry	1366	768	209	68	1156	700	J	70	47.3433338048559	0.188888888888889	2
658.083333333333	546.583333333333	M	2	afraid.jpg	72JU	1	angry	1366	768	209	68	1156	700	J	70	47.3433338048559	0.244444444444444	3
612.583333333333	428.933333333333	M	2	afraid.jpg	72JU	1	angry	1366	768	209	68	1156	700	J	70	47.3433338048559	0.4	4
707.625	421.6	M	2	afraid.jpg	72JU	1	angry	1366	768	209	68	1156	700	J	70	47.3433338048559	0.555555555555556	5
926.80701754386	789.456140350877	M	2	afraid.jpg	73JU	1	neutral	1920	1080	294	96	1625	984	J	71	59.652775568415	1.57777777777778	2
627.041666666667	406.6875	M	2	afraid.jpg	74JU	1	afraid	1366	768	209	68	1156	700	J	72	47.3433338048559	0.333333333333333	2
660.261904761905	510.547619047619	M	2	afraid.jpg	74JU	1	afraid	1366	768	209	68	1156	700	J	72	47.3433338048559	0.577777777777778	3
622.328947368421	420.539473684211	M	2	afraid.jpg	74JU	1	afraid	1366	768	209	68	1156	700	J	72	47.3433338048559	0.511111111111111	4
955.1	654.65	M	2	afraid.jpg	75JU	1	angry	1920	1080	294	96	1625	984	J	73	59.652775568415	0.133333333333333	2
929.361111111111	770.055555555556	M	2	afraid.jpg	75JU	1	angry	1920	1080	294	96	1625	984	J	73	59.652775568415	0.488888888888889	3
1017.55102040816	583.326530612245	M	2	afraid.jpg	75JU	1	angry	1920	1080	294	96	1625	984	J	73	59.652775568415	0.677777777777778	4
915.678571428571	754.428571428571	M	2	afraid.jpg	75JU	1	angry	1920	1080	294	96	1625	984	J	73	59.652775568415	0.177777777777778	5
880.1	605.1	M	2	afraid.jpg	76JU	1	afraid	1920	1080	294	96	1625	984	J	74	59.652775568415	0.266666666666667	2
914.519230769231	766.25	M	2	afraid.jpg	76JU	1	afraid	1920	1080	294	96	1625	984	J	74	59.652775568415	0.355555555555556	3
870.092592592593	583.759259259259	M	2	afraid.jpg	76JU	1	afraid	1920	1080	294	96	1625	984	J	74	59.652775568415	0.366666666666667	4
1014.44230769231	582	M	2	afraid.jpg	76JU	1	afraid	1920	1080	294	96	1625	984	J	74	59.652775568415	0.355555555555556	5
1011.34782608696	595.45652173913	M	2	afraid.jpg	7IS	1	afraid	1920	1080	294	96	1625	984	J	75	59.652775568415	0.3	2
920.3	594.82	M	2	afraid.jpg	7IS	1	afraid	1920	1080	294	96	1625	984	J	75	59.652775568415	0.322222222222222	3
987.760869565217	577.195652173913	M	2	afraid.jpg	7IS	1	afraid	1920	1080	294	96	1625	984	J	75	59.652775568415	0.3	4
923.041666666667	770.944444444444	M	2	afraid.jpg	7IS	1	afraid	1920	1080	294	96	1625	984	J	75	59.652775568415	0.488888888888889	5
848.1875	573.421875	M	2	afraid.jpg	7JU	1	afraid	1920	1080	294	96	1625	984	J	76	59.652775568415	0.444444444444444	2
977.177419354839	589.5	M	2	afraid.jpg	7JU	1	afraid	1920	1080	294	96	1625	984	J	76	59.652775568415	0.411111111111111	3
852.840909090909	587.568181818182	M	2	afraid.jpg	7JU	1	afraid	1920	1080	294	96	1625	984	J	76	59.652775568415	0.288888888888889	4
1025.09375	577.21875	M	2	afraid.jpg	7JU	1	afraid	1920	1080	294	96	1625	984	J	76	59.652775568415	0.311111111111111	5
1012.5	723	M	2	afraid.jpg	7JU	1	afraid	1920	1080	294	96	1625	984	J	76	59.652775568415	-0.0111111111111111	6
1033	721.5	M	2	afraid.jpg	7JU	1	afraid	1920	1080	294	96	1625	984	J	76	59.652775568415	0.0111111111111111	7
1038.375	670.5	M	2	afraid.jpg	7JU	1	afraid	1920	1080	294	96	1625	984	J	76	59.652775568415	0.0444444444444445	8
653.916666666667	365.625	M	2	afraid.jpg	8JU	0	afraid	1366	768	260	102	1106	666	J	77	47.3433338048559	0.311111111111111	2
694.807692307692	436.269230769231	M	2	afraid.jpg	9IS	1	afraid	1366	768	209	68	1156	700	J	78	47.3433338048559	0.166666666666667	2
728.97619047619	403.5	M	2	afraid.jpg	9IS	1	afraid	1366	768	209	68	1156	700	J	78	47.3433338048559	0.277777777777778	3
663.551282051282	538.923076923077	M	2	afraid.jpg	9IS	1	afraid	1366	768	209	68	1156	700	J	78	47.3433338048559	0.522222222222222	4
735.852941176471	405.941176470588	M	2	afraid.jpg	9IS	1	afraid	1366	768	209	68	1156	700	J	78	47.3433338048559	0.233333333333333	5
665.729166666667	540.8125	M	2	afraid.jpg	9IS	1	afraid	1366	768	209	68	1156	700	J	78	47.3433338048559	0.311111111111111	6
